beta  ances 
0.250 0.241
0.245 0.249
0.246 0.244
0.247 0.246
0.248 0.245
0.247 0.242
0.245 0.244
0.247 0.245
0.247 0.245
0.248 0.244
0.248 0.244
0.248 0.244
0.247 0.245
0.247 0.245
0.246 0.246
0.247 0.246
0.246 0.246
0.246 0.245
0.245 0.245
0.245 0.244
0.245 0.244
0.245 0.245
0.246 0.245
0.245 0.245
0.245 0.245
0.245 0.245
0.244 0.246
0.245 0.246
0.244 0.246
0.244 0.247
0.245 0.247
0.245 0.247
0.245 0.247
0.245 0.247
0.244 0.248
0.244 0.248
0.244 0.248
0.244 0.248
0.243 0.248
0.243 0.248
0.243 0.248
0.243 0.249
0.243 0.249
0.243 0.248
0.243 0.249
0.243 0.249
0.243 0.249
0.243 0.249
0.242 0.249
