beta  ances 
0.209 0.263
0.208 0.261
0.212 0.258
0.212 0.257
0.209 0.260
0.208 0.260
0.209 0.259
0.209 0.257
0.211 0.258
0.211 0.258
0.212 0.258
0.212 0.257
0.212 0.258
0.212 0.258
0.212 0.258
0.212 0.257
0.211 0.257
0.212 0.256
0.211 0.257
0.211 0.257
0.212 0.257
0.212 0.257
0.212 0.257
0.210 0.257
0.210 0.258
0.210 0.258
0.210 0.257
0.210 0.258
0.210 0.257
0.210 0.257
0.210 0.258
0.210 0.258
0.210 0.258
0.210 0.258
0.210 0.257
0.209 0.257
0.210 0.257
0.210 0.257
0.210 0.257
0.210 0.257
0.210 0.257
0.210 0.257
0.210 0.257
0.210 0.256
0.210 0.256
0.210 0.256
0.210 0.256
0.210 0.256
0.210 0.256
